{"cameras": [{"R": [[0.9798458814620972, -0.1997051239013672, -0.004474066663533449], [0.19908785820007324, 0.9744977951049805, 0.10352791100740433], [-0.01631508581340313, -0.10233213007450104, 0.9946165084838867]], "aspect": 1.0, "focal": 3753.0925376504115, "ppx": 474.5, "ppy": 316.0, "t": [[0.0], [0.0], [0.0]]}, {"R": [[0.9833113551139832, -0.1819303333759308, 0.0005029495805501938], [0.18154823780059814, 0.9814178943634033, 0.062122538685798645], [-0.01179557852447033, -0.06099449098110199, 0.9980683922767639]], "aspect": 1.0, "focal": 3714.418719911042, "ppx": 474.5, "ppy": 316.0, "t": [[0.0], [0.0], [0.0]]}, {"R": [[0.9850379228591919, -0.1723247468471527, 0.002148684114217758], [0.17210759222507477, 0.9842883348464966, 0.03944101929664612], [-0.008911586366593838, -0.03848109021782875, 0.9992196559906006]], "aspect": 1.0, "focal": 3705.6944365504182, "ppx": 474.5, "ppy": 316.0, "t": [[0.0], [0.0], [0.0]]}, {"R": [[0.9865711331367493, -0.16330091655254364, 0.0032076239585876465], [0.1632155179977417, 0.9864177703857422, 0.01845746673643589], [-0.006178178824484348, -0.017686065286397934, 0.9998245239257812]], "aspect": 1.0, "focal": 3688.4330467314226, "ppx": 474.5, "ppy": 316.0, "t": [[0.0], [0.0], [0.0]]}, {"R": [[0.9884214997291565, -0.1517014503479004, 0.0031088879331946373], [0.15164758265018463, 0.9883441925048828, 0.013368263840675354], [-0.005100637674331665, -0.012742027640342712, 0.9999057650566101]], "aspect": 1.0, "focal": 3693.1955829548447, "ppx": 474.5, "ppy": 316.0, "t": [[0.0], [0.0], [0.0]]}, {"R": [[0.9975370168685913, -0.07011525332927704, 0.001962721347808838], [0.07009778916835785, 0.9975090026855469, 0.007879504933953285], [-0.002510305494070053, -0.0077225156128406525, 0.9999670386314392]], "aspect": 1.0, "focal": 3690.8269817748373, "ppx": 474.5, "ppy": 316.0, "t": [[0.0], [0.0], [0.0]]}, {"R": [[1.0, -1.877197064459324e-09, 9.313225746154785e-10], [-1.4551915228366852e-11, 1.0, 0.0], [0.0, 0.0, 1.0]], "aspect": 1.0, "focal": 3693.6058226765035, "ppx": 474.5, "ppy": 316.0, "t": [[0.0], [0.0], [0.0]]}, {"R": [[0.9999443888664246, 0.01026020385324955, -0.002452966757118702], [-0.01030637789517641, 0.9997544288635254, -0.019617261365056038], [0.002251087687909603, 0.01964144967496395, 0.9998045563697815]], "aspect": 1.0, "focal": 3693.479154006182, "ppx": 474.5, "ppy": 316.0, "t": [[0.0], [0.0], [0.0]]}, {"R": [[0.9996606707572937, 0.025465957820415497, -0.005482289008796215], [-0.0257023423910141, 0.998490571975708, -0.04853858798742294], [0.0042379326187074184, 0.048663027584552765, 0.9988062977790833]], "aspect": 1.0, "focal": 3682.5007400984923, "ppx": 474.5, "ppy": 316.0, "t": [[0.0], [0.0], [0.0]]}, {"R": [[0.9992304444313049, 0.038129303604364395, -0.009204179979860783], [-0.0387544184923172, 0.9959097504615784, -0.08162036538124084], [0.006054405122995377, 0.0819142535328865, 0.9966209530830383]], "aspect": 1.0, "focal": 3689.069464146156, "ppx": 474.5, "ppy": 316.0, "t": [[0.0], [0.0], [0.0]]}, {"R": [[0.9965400695800781, 0.08171554654836655, -0.015182070434093475], [-0.08294124901294708, 0.9895065426826477, -0.11831150203943253], [0.0053548687137663364, 0.11916136741638184, 0.9928604364395142]], "aspect": 1.0, "focal": 3682.6837707493473, "ppx": 474.5, "ppy": 316.0, "t": [[0.0], [0.0], [0.0]]}, {"R": [[0.9923241138458252, 0.12193039804697037, -0.0206385999917984], [-0.12362582981586456, 0.9822860956192017, -0.14082126319408417], [0.003102616872638464, 0.14229178428649902, 0.9898199439048767]], "aspect": 1.0, "focal": 3670.0431085396262, "ppx": 474.5, "ppy": 316.0, "t": [[0.0], [0.0], [0.0]]}, {"R": [[0.9755948781967163, 0.21683171391487122, -0.03462349995970726], [-0.2194664627313614, 0.9578586220741272, -0.18531426787376404], [-0.007017590571194887, 0.1883903294801712, 0.9820691347122192]], "aspect": 1.0, "focal": 3635.1114931655015, "ppx": 474.5, "ppy": 316.0, "t": [[0.0], [0.0], [0.0]]}, {"R": [[0.9717824459075928, 0.23136022686958313, -0.04594915732741356], [-0.23578159511089325, 0.9471768140792847, -0.21740052103996277], [-0.006775852292776108, 0.22209998965263367, 0.9750003814697266]], "aspect": 1.0, "focal": 3618.342014736398, "ppx": 474.5, "ppy": 316.0, "t": [[0.0], [0.0], [0.0]]}], "images": ["E:\\Allcodes\\pythons\\stitching-main\\stitching-main\\wandao\\DJI_20240511161256_0057.JPG", "E:\\Allcodes\\pythons\\stitching-main\\stitching-main\\wandao\\DJI_20240511161257_0058.JPG", "E:\\Allcodes\\pythons\\stitching-main\\stitching-main\\wandao\\DJI_20240511161258_0059.JPG", "E:\\Allcodes\\pythons\\stitching-main\\stitching-main\\wandao\\DJI_20240511161259_0060.JPG", "E:\\Allcodes\\pythons\\stitching-main\\stitching-main\\wandao\\DJI_20240511161300_0061.JPG", "E:\\Allcodes\\pythons\\stitching-main\\stitching-main\\wandao\\DJI_20240511161301_0062.JPG", "E:\\Allcodes\\pythons\\stitching-main\\stitching-main\\wandao\\DJI_20240511161301_0063.JPG", "E:\\Allcodes\\pythons\\stitching-main\\stitching-main\\wandao\\DJI_20240511161302_0064.JPG", "E:\\Allcodes\\pythons\\stitching-main\\stitching-main\\wandao\\DJI_20240511161303_0065.JPG", "E:\\Allcodes\\pythons\\stitching-main\\stitching-main\\wandao\\DJI_20240511161304_0066.JPG", "E:\\Allcodes\\pythons\\stitching-main\\stitching-main\\wandao\\DJI_20240511161305_0067.JPG", "E:\\Allcodes\\pythons\\stitching-main\\stitching-main\\wandao\\DJI_20240511161306_0068.JPG", "E:\\Allcodes\\pythons\\stitching-main\\stitching-main\\wandao\\DJI_20240511161307_0069.JPG", "E:\\Allcodes\\pythons\\stitching-main\\stitching-main\\wandao\\DJI_20240511161308_0070.JPG"], "origin": ["E:\\Allcodes\\pythons\\stitching-main\\stitching-main\\wandao\\masks\\DJI_20240511161256_0057.JPG", "E:\\Allcodes\\pythons\\stitching-main\\stitching-main\\wandao\\masks\\DJI_20240511161257_0058.JPG", "E:\\Allcodes\\pythons\\stitching-main\\stitching-main\\wandao\\masks\\DJI_20240511161258_0059.JPG", "E:\\Allcodes\\pythons\\stitching-main\\stitching-main\\wandao\\masks\\DJI_20240511161259_0060.JPG", "E:\\Allcodes\\pythons\\stitching-main\\stitching-main\\wandao\\masks\\DJI_20240511161300_0061.JPG", "E:\\Allcodes\\pythons\\stitching-main\\stitching-main\\wandao\\masks\\DJI_20240511161301_0062.JPG", "E:\\Allcodes\\pythons\\stitching-main\\stitching-main\\wandao\\masks\\DJI_20240511161301_0063.JPG", "E:\\Allcodes\\pythons\\stitching-main\\stitching-main\\wandao\\masks\\DJI_20240511161302_0064.JPG", "E:\\Allcodes\\pythons\\stitching-main\\stitching-main\\wandao\\masks\\DJI_20240511161303_0065.JPG", "E:\\Allcodes\\pythons\\stitching-main\\stitching-main\\wandao\\masks\\DJI_20240511161304_0066.JPG", "E:\\Allcodes\\pythons\\stitching-main\\stitching-main\\wandao\\masks\\DJI_20240511161305_0067.JPG", "E:\\Allcodes\\pythons\\stitching-main\\stitching-main\\wandao\\masks\\DJI_20240511161306_0068.JPG", "E:\\Allcodes\\pythons\\stitching-main\\stitching-main\\wandao\\masks\\DJI_20240511161307_0069.JPG", "E:\\Allcodes\\pythons\\stitching-main\\stitching-main\\wandao\\masks\\DJI_20240511161308_0070.JPG"], "cracks": []}